==========================
Data Costs
==========================

[[8.0, 15.0, 15.0], [15.0, 7.0, 15.0], [15.0, 15.0, 7.0], [15.0, 15.0, 15.0], [6.0, 13.0, 15.0]]
[[4.0, 15.0, 15.0], [15.0, 3.0, 15.0], [15.0, 14.0, 15.0], [15.0, 15.0, 15.0], [2.0, 5.0, 15.0]]
[[0.0, 15.0, 15.0], [15.0, 15.0, 15.0], [0.0, 15.0, 15.0], [13.0, 2.0, 15.0], [1.0, 15.0, 10.0]]
[[15.0, 15.0, 15.0], [13.0, 15.0, 15.0], [7.0, 1.0, 15.0], [1.0, 11.0, 3.0], [1.0, 2.0, 8.0]]
[[15.0, 15.0, 15.0], [14.0, 3.0, 15.0], [7.0, 4.0, 7.0], [1.0, 4.0, 7.0], [1.0, 4.0, 1.0]]


---------------------------
Iteration #0
---------------------------



Messages from 0 [(0, 0)]:
  To 1 [(1, 0)]:
    [0.0, 0.0, 0.0]
  To 5 [(0, 1)]:
    [0.0, 0.0, 0.0]


Messages from 1 [(1, 0)]:
  To 0 [(0, 0)]:
    [0.0, 0.0, 0.0]
  To 2 [(2, 0)]:
    [0.0, 0.0, 0.0]
  To 6 [(1, 1)]:
    [0.0, 0.0, 0.0]


Messages from 2 [(2, 0)]:
  To 1 [(1, 0)]:
    [0.0, 0.0, 0.0]
  To 3 [(3, 0)]:
    [0.0, 0.0, 0.0]
  To 7 [(2, 1)]:
    [0.0, 0.0, 0.0]


Messages from 3 [(3, 0)]:
  To 2 [(2, 0)]:
    [0.0, 0.0, 0.0]
  To 4 [(4, 0)]:
    [0.0, 0.0, 0.0]
  To 8 [(3, 1)]:
    [0.0, 0.0, 0.0]


Messages from 4 [(4, 0)]:
  To 3 [(3, 0)]:
    [0.0, 0.0, 0.0]
  To 9 [(4, 1)]:
    [0.0, 0.0, 0.0]


Messages from 5 [(0, 1)]:
  To 0 [(0, 0)]:
    [0.0, 0.0, 0.0]
  To 6 [(1, 1)]:
    [0.0, 0.0, 0.0]
  To 10 [(0, 2)]:
    [0.0, 0.0, 0.0]


Messages from 6 [(1, 1)]:
  To 1 [(1, 0)]:
    [0.0, 0.0, 0.0]
  To 5 [(0, 1)]:
    [0.0, 0.0, 0.0]
  To 7 [(2, 1)]:
    [0.0, 0.0, 0.0]
  To 11 [(1, 2)]:
    [0.0, 0.0, 0.0]


Messages from 7 [(2, 1)]:
  To 2 [(2, 0)]:
    [0.0, 0.0, 0.0]
  To 6 [(1, 1)]:
    [0.0, 0.0, 0.0]
  To 8 [(3, 1)]:
    [0.0, 0.0, 0.0]
  To 12 [(2, 2)]:
    [0.0, 0.0, 0.0]


Messages from 8 [(3, 1)]:
  To 3 [(3, 0)]:
    [0.0, 0.0, 0.0]
  To 7 [(2, 1)]:
    [0.0, 0.0, 0.0]
  To 9 [(4, 1)]:
    [0.0, 0.0, 0.0]
  To 13 [(3, 2)]:
    [0.0, 0.0, 0.0]


Messages from 9 [(4, 1)]:
  To 4 [(4, 0)]:
    [0.0, 0.0, 0.0]
  To 8 [(3, 1)]:
    [0.0, 0.0, 0.0]
  To 14 [(4, 2)]:
    [0.0, 0.0, 0.0]


Messages from 10 [(0, 2)]:
  To 5 [(0, 1)]:
    [0.0, 0.0, 0.0]
  To 11 [(1, 2)]:
    [0.0, 0.0, 0.0]
  To 15 [(0, 3)]:
    [0.0, 0.0, 0.0]


Messages from 11 [(1, 2)]:
  To 6 [(1, 1)]:
    [0.0, 0.0, 0.0]
  To 10 [(0, 2)]:
    [0.0, 0.0, 0.0]
  To 12 [(2, 2)]:
    [0.0, 0.0, 0.0]
  To 16 [(1, 3)]:
    [0.0, 0.0, 0.0]


Messages from 12 [(2, 2)]:
  To 7 [(2, 1)]:
    [0.0, 0.0, 0.0]
  To 11 [(1, 2)]:
    [0.0, 0.0, 0.0]
  To 13 [(3, 2)]:
    [0.0, 0.0, 0.0]
  To 17 [(2, 3)]:
    [0.0, 0.0, 0.0]


Messages from 13 [(3, 2)]:
  To 8 [(3, 1)]:
    [0.0, 0.0, 0.0]
  To 12 [(2, 2)]:
    [0.0, 0.0, 0.0]
  To 14 [(4, 2)]:
    [0.0, 0.0, 0.0]
  To 18 [(3, 3)]:
    [0.0, 0.0, 0.0]


Messages from 14 [(4, 2)]:
  To 9 [(4, 1)]:
    [0.0, 0.0, 0.0]
  To 13 [(3, 2)]:
    [0.0, 0.0, 0.0]
  To 19 [(4, 3)]:
    [0.0, 0.0, 0.0]


Messages from 15 [(0, 3)]:
  To 10 [(0, 2)]:
    [0.0, 0.0, 0.0]
  To 16 [(1, 3)]:
    [0.0, 0.0, 0.0]
  To 20 [(0, 4)]:
    [0.0, 0.0, 0.0]


Messages from 16 [(1, 3)]:
  To 11 [(1, 2)]:
    [0.0, 0.0, 0.0]
  To 15 [(0, 3)]:
    [0.0, 0.0, 0.0]
  To 17 [(2, 3)]:
    [0.0, 0.0, 0.0]
  To 21 [(1, 4)]:
    [0.0, 0.0, 0.0]


Messages from 17 [(2, 3)]:
  To 12 [(2, 2)]:
    [0.0, 0.0, 0.0]
  To 16 [(1, 3)]:
    [0.0, 0.0, 0.0]
  To 18 [(3, 3)]:
    [0.0, 0.0, 0.0]
  To 22 [(2, 4)]:
    [0.0, 0.0, 0.0]


Messages from 18 [(3, 3)]:
  To 13 [(3, 2)]:
    [0.0, 0.0, 0.0]
  To 17 [(2, 3)]:
    [0.0, 0.0, 0.0]
  To 19 [(4, 3)]:
    [0.0, 0.0, 0.0]
  To 23 [(3, 4)]:
    [0.0, 0.0, 0.0]


Messages from 19 [(4, 3)]:
  To 14 [(4, 2)]:
    [0.0, 0.0, 0.0]
  To 18 [(3, 3)]:
    [0.0, 0.0, 0.0]
  To 24 [(4, 4)]:
    [0.0, 0.0, 0.0]


Messages from 20 [(0, 4)]:
  To 15 [(0, 3)]:
    [0.0, 0.0, 0.0]
  To 21 [(1, 4)]:
    [0.0, 0.0, 0.0]


Messages from 21 [(1, 4)]:
  To 16 [(1, 3)]:
    [0.0, 0.0, 0.0]
  To 20 [(0, 4)]:
    [0.0, 0.0, 0.0]
  To 22 [(2, 4)]:
    [0.0, 0.0, 0.0]


Messages from 22 [(2, 4)]:
  To 17 [(2, 3)]:
    [0.0, 0.0, 0.0]
  To 21 [(1, 4)]:
    [0.0, 0.0, 0.0]
  To 23 [(3, 4)]:
    [0.0, 0.0, 0.0]


Messages from 23 [(3, 4)]:
  To 18 [(3, 3)]:
    [0.0, 0.0, 0.0]
  To 22 [(2, 4)]:
    [0.0, 0.0, 0.0]
  To 24 [(4, 4)]:
    [0.0, 0.0, 0.0]


Messages from 24 [(4, 4)]:
  To 19 [(4, 3)]:
    [0.0, 0.0, 0.0]
  To 23 [(3, 4)]:
    [0.0, 0.0, 0.0]


---------------------------
Iteration #1
---------------------------



Messages from 0 [(0, 0)]:
  To 1 [(1, 0)]:
    [23.0, 21.0, 23.0]
  To 5 [(0, 1)]:
    [12.0, 14.0, 14.0]


Messages from 1 [(1, 0)]:
  To 0 [(0, 0)]:
    [16.0, 18.0, 18.0]
  To 2 [(2, 0)]:
    [23.0, 23.0, 21.0]
  To 6 [(1, 1)]:
    [14.0, 12.0, 14.0]


Messages from 2 [(2, 0)]:
  To 1 [(1, 0)]:
    [23.0, 21.0, 23.0]
  To 3 [(3, 0)]:
    [45.0, 45.0, 45.0]
  To 7 [(2, 1)]:
    [58.0, 56.0, 58.0]


Messages from 3 [(3, 0)]:
  To 2 [(2, 0)]:
    [23.0, 23.0, 21.0]
  To 4 [(4, 0)]:
    [12.0, 14.0, 14.0]
  To 8 [(3, 1)]:
    [60.0, 60.0, 60.0]


Messages from 4 [(4, 0)]:
  To 3 [(3, 0)]:
    [45.0, 45.0, 45.0]
  To 9 [(4, 1)]:
    [6.0, 8.0, 8.0]


Messages from 5 [(0, 1)]:
  To 0 [(0, 0)]:
    [16.0, 18.0, 18.0]
  To 6 [(1, 1)]:
    [14.0, 12.0, 14.0]
  To 10 [(0, 2)]:
    [0.0, 2.0, 2.0]


Messages from 6 [(1, 1)]:
  To 1 [(1, 0)]:
    [23.0, 21.0, 23.0]
  To 5 [(0, 1)]:
    [12.0, 14.0, 14.0]
  To 7 [(2, 1)]:
    [58.0, 56.0, 58.0]
  To 11 [(1, 2)]:
    [60.0, 60.0, 60.0]


Messages from 7 [(2, 1)]:
  To 2 [(2, 0)]:
    [23.0, 23.0, 21.0]
  To 6 [(1, 1)]:
    [14.0, 12.0, 14.0]
  To 8 [(3, 1)]:
    [60.0, 60.0, 60.0]
  To 12 [(2, 2)]:
    [0.0, 2.0, 2.0]


Messages from 8 [(3, 1)]:
  To 3 [(3, 0)]:
    [45.0, 45.0, 45.0]
  To 7 [(2, 1)]:
    [58.0, 56.0, 58.0]
  To 9 [(4, 1)]:
    [6.0, 8.0, 8.0]
  To 13 [(3, 2)]:
    [10.0, 8.0, 10.0]


Messages from 9 [(4, 1)]:
  To 4 [(4, 0)]:
    [12.0, 14.0, 14.0]
  To 8 [(3, 1)]:
    [60.0, 60.0, 60.0]
  To 14 [(4, 2)]:
    [3.0, 5.0, 5.0]


Messages from 10 [(0, 2)]:
  To 5 [(0, 1)]:
    [12.0, 14.0, 14.0]
  To 11 [(1, 2)]:
    [60.0, 60.0, 60.0]
  To 15 [(0, 3)]:
    [45.0, 45.0, 45.0]


Messages from 11 [(1, 2)]:
  To 6 [(1, 1)]:
    [14.0, 12.0, 14.0]
  To 10 [(0, 2)]:
    [0.0, 2.0, 2.0]
  To 12 [(2, 2)]:
    [0.0, 2.0, 2.0]
  To 16 [(1, 3)]:
    [52.0, 54.0, 54.0]


Messages from 12 [(2, 2)]:
  To 7 [(2, 1)]:
    [58.0, 56.0, 58.0]
  To 11 [(1, 2)]:
    [60.0, 60.0, 60.0]
  To 13 [(3, 2)]:
    [10.0, 8.0, 10.0]
  To 17 [(2, 3)]:
    [6.0, 4.0, 6.0]


Messages from 13 [(3, 2)]:
  To 8 [(3, 1)]:
    [60.0, 60.0, 60.0]
  To 12 [(2, 2)]:
    [0.0, 2.0, 2.0]
  To 14 [(4, 2)]:
    [3.0, 5.0, 5.0]
  To 18 [(3, 3)]:
    [4.0, 6.0, 6.0]


Messages from 14 [(4, 2)]:
  To 9 [(4, 1)]:
    [6.0, 8.0, 8.0]
  To 13 [(3, 2)]:
    [10.0, 8.0, 10.0]
  To 19 [(4, 3)]:
    [3.0, 5.0, 5.0]


Messages from 15 [(0, 3)]:
  To 10 [(0, 2)]:
    [0.0, 2.0, 2.0]
  To 16 [(1, 3)]:
    [52.0, 54.0, 54.0]
  To 20 [(0, 4)]:
    [30.0, 30.0, 30.0]


Messages from 16 [(1, 3)]:
  To 11 [(1, 2)]:
    [60.0, 60.0, 60.0]
  To 15 [(0, 3)]:
    [45.0, 45.0, 45.0]
  To 17 [(2, 3)]:
    [6.0, 4.0, 6.0]
  To 21 [(1, 4)]:
    [11.0, 9.0, 11.0]


Messages from 17 [(2, 3)]:
  To 12 [(2, 2)]:
    [0.0, 2.0, 2.0]
  To 16 [(1, 3)]:
    [52.0, 54.0, 54.0]
  To 18 [(3, 3)]:
    [4.0, 6.0, 6.0]
  To 22 [(2, 4)]:
    [14.0, 12.0, 14.0]


Messages from 18 [(3, 3)]:
  To 13 [(3, 2)]:
    [10.0, 8.0, 10.0]
  To 17 [(2, 3)]:
    [6.0, 4.0, 6.0]
  To 19 [(4, 3)]:
    [3.0, 5.0, 5.0]
  To 23 [(3, 4)]:
    [3.0, 5.0, 5.0]


Messages from 19 [(4, 3)]:
  To 14 [(4, 2)]:
    [3.0, 5.0, 5.0]
  To 18 [(3, 3)]:
    [4.0, 6.0, 6.0]
  To 24 [(4, 4)]:
    [2.0, 4.0, 2.0]


Messages from 20 [(0, 4)]:
  To 15 [(0, 3)]:
    [45.0, 45.0, 45.0]
  To 21 [(1, 4)]:
    [11.0, 9.0, 11.0]


Messages from 21 [(1, 4)]:
  To 16 [(1, 3)]:
    [52.0, 54.0, 54.0]
  To 20 [(0, 4)]:
    [30.0, 30.0, 30.0]
  To 22 [(2, 4)]:
    [14.0, 12.0, 14.0]


Messages from 22 [(2, 4)]:
  To 17 [(2, 3)]:
    [6.0, 4.0, 6.0]
  To 21 [(1, 4)]:
    [11.0, 9.0, 11.0]
  To 23 [(3, 4)]:
    [3.0, 5.0, 5.0]


Messages from 23 [(3, 4)]:
  To 18 [(3, 3)]:
    [4.0, 6.0, 6.0]
  To 22 [(2, 4)]:
    [14.0, 12.0, 14.0]
  To 24 [(4, 4)]:
    [2.0, 4.0, 2.0]


Messages from 24 [(4, 4)]:
  To 19 [(4, 3)]:
    [3.0, 5.0, 5.0]
  To 23 [(3, 4)]:
    [3.0, 5.0, 5.0]


---------------------------
Iteration #2
---------------------------



Messages from 0 [(0, 0)]:
  To 1 [(1, 0)]:
    [58.0, 56.0, 58.0]
  To 5 [(0, 1)]:
    [26.0, 28.0, 28.0]


Messages from 1 [(1, 0)]:
  To 0 [(0, 0)]:
    [28.0, 30.0, 30.0]
  To 2 [(2, 0)]:
    [126.0, 126.0, 124.0]
  To 6 [(1, 1)]:
    [144.0, 142.0, 144.0]


Messages from 2 [(2, 0)]:
  To 1 [(1, 0)]:
    [53.0, 51.0, 53.0]
  To 3 [(3, 0)]:
    [117.0, 119.0, 119.0]
  To 7 [(2, 1)]:
    [132.0, 130.0, 132.0]


Messages from 3 [(3, 0)]:
  To 2 [(2, 0)]:
    [104.0, 104.0, 102.0]
  To 4 [(4, 0)]:
    [18.0, 20.0, 20.0]
  To 8 [(3, 1)]:
    [134.0, 132.0, 134.0]


Messages from 4 [(4, 0)]:
  To 3 [(3, 0)]:
    [128.0, 128.0, 126.0]
  To 9 [(4, 1)]:
    [69.0, 71.0, 71.0]


Messages from 5 [(0, 1)]:
  To 0 [(0, 0)]:
    [39.0, 41.0, 41.0]
  To 6 [(1, 1)]:
    [151.0, 149.0, 151.0]
  To 10 [(0, 2)]:
    [105.0, 107.0, 107.0]


Messages from 6 [(1, 1)]:
  To 1 [(1, 0)]:
    [64.0, 62.0, 64.0]
  To 5 [(0, 1)]:
    [28.0, 30.0, 30.0]
  To 7 [(2, 1)]:
    [143.0, 141.0, 143.0]
  To 11 [(1, 2)]:
    [112.0, 114.0, 114.0]


Messages from 7 [(2, 1)]:
  To 2 [(2, 0)]:
    [91.0, 91.0, 89.0]
  To 6 [(1, 1)]:
    [109.0, 107.0, 109.0]
  To 8 [(3, 1)]:
    [121.0, 121.0, 123.0]
  To 12 [(2, 2)]:
    [76.0, 78.0, 78.0]


Messages from 8 [(3, 1)]:
  To 3 [(3, 0)]:
    [80.0, 82.0, 80.0]
  To 7 [(2, 1)]:
    [95.0, 93.0, 95.0]
  To 9 [(4, 1)]:
    [21.0, 23.0, 23.0]
  To 13 [(3, 2)]:
    [23.0, 21.0, 23.0]


Messages from 9 [(4, 1)]:
  To 4 [(4, 0)]:
    [57.0, 59.0, 59.0]
  To 8 [(3, 1)]:
    [171.0, 169.0, 171.0]
  To 14 [(4, 2)]:
    [16.0, 18.0, 18.0]


Messages from 10 [(0, 2)]:
  To 5 [(0, 1)]:
    [42.0, 44.0, 44.0]
  To 11 [(1, 2)]:
    [126.0, 128.0, 128.0]
  To 15 [(0, 3)]:
    [127.0, 129.0, 129.0]


Messages from 11 [(1, 2)]:
  To 6 [(1, 1)]:
    [105.0, 103.0, 105.0]
  To 10 [(0, 2)]:
    [57.0, 59.0, 59.0]
  To 12 [(2, 2)]:
    [74.0, 76.0, 76.0]
  To 16 [(1, 3)]:
    [114.0, 116.0, 116.0]


Messages from 12 [(2, 2)]:
  To 7 [(2, 1)]:
    [153.0, 151.0, 153.0]
  To 11 [(1, 2)]:
    [126.0, 128.0, 128.0]
  To 13 [(3, 2)]:
    [81.0, 79.0, 81.0]
  To 17 [(2, 3)]:
    [78.0, 76.0, 78.0]


Messages from 13 [(3, 2)]:
  To 8 [(3, 1)]:
    [169.0, 169.0, 171.0]
  To 12 [(2, 2)]:
    [124.0, 126.0, 126.0]
  To 14 [(4, 2)]:
    [12.0, 14.0, 14.0]
  To 18 [(3, 3)]:
    [16.0, 18.0, 18.0]


Messages from 14 [(4, 2)]:
  To 9 [(4, 1)]:
    [78.0, 80.0, 80.0]
  To 13 [(3, 2)]:
    [78.0, 76.0, 78.0]
  To 19 [(4, 3)]:
    [9.0, 11.0, 11.0]


Messages from 15 [(0, 3)]:
  To 10 [(0, 2)]:
    [72.0, 74.0, 74.0]
  To 16 [(1, 3)]:
    [129.0, 131.0, 131.0]
  To 20 [(0, 4)]:
    [41.0, 39.0, 41.0]


Messages from 16 [(1, 3)]:
  To 11 [(1, 2)]:
    [74.0, 76.0, 76.0]
  To 15 [(0, 3)]:
    [75.0, 77.0, 77.0]
  To 17 [(2, 3)]:
    [26.0, 24.0, 26.0]
  To 21 [(1, 4)]:
    [53.0, 51.0, 53.0]


Messages from 17 [(2, 3)]:
  To 12 [(2, 2)]:
    [128.0, 130.0, 130.0]
  To 16 [(1, 3)]:
    [168.0, 170.0, 170.0]
  To 18 [(3, 3)]:
    [20.0, 22.0, 22.0]
  To 22 [(2, 4)]:
    [28.0, 26.0, 28.0]


Messages from 18 [(3, 3)]:
  To 13 [(3, 2)]:
    [77.0, 75.0, 77.0]
  To 17 [(2, 3)]:
    [74.0, 72.0, 74.0]
  To 19 [(4, 3)]:
    [8.0, 10.0, 10.0]
  To 23 [(3, 4)]:
    [19.0, 21.0, 21.0]


Messages from 19 [(4, 3)]:
  To 14 [(4, 2)]:
    [19.0, 21.0, 21.0]
  To 18 [(3, 3)]:
    [23.0, 25.0, 25.0]
  To 24 [(4, 4)]:
    [5.0, 7.0, 7.0]


Messages from 20 [(0, 4)]:
  To 15 [(0, 3)]:
    [97.0, 99.0, 99.0]
  To 21 [(1, 4)]:
    [77.0, 75.0, 77.0]


Messages from 21 [(1, 4)]:
  To 16 [(1, 3)]:
    [163.0, 165.0, 165.0]
  To 20 [(0, 4)]:
    [75.0, 75.0, 75.0]
  To 22 [(2, 4)]:
    [23.0, 21.0, 23.0]


Messages from 22 [(2, 4)]:
  To 17 [(2, 3)]:
    [68.0, 66.0, 68.0]
  To 21 [(1, 4)]:
    [95.0, 93.0, 95.0]
  To 23 [(3, 4)]:
    [9.0, 11.0, 11.0]


Messages from 23 [(3, 4)]:
  To 18 [(3, 3)]:
    [23.0, 25.0, 25.0]
  To 22 [(2, 4)]:
    [27.0, 25.0, 27.0]
  To 24 [(4, 4)]:
    [5.0, 7.0, 7.0]


Messages from 24 [(4, 4)]:
  To 19 [(4, 3)]:
    [10.0, 12.0, 12.0]
  To 23 [(3, 4)]:
    [21.0, 23.0, 23.0]


---------------------------
Iteration #3
---------------------------



Messages from 0 [(0, 0)]:
  To 1 [(1, 0)]:
    [291.0, 289.0, 291.0]
  To 5 [(0, 1)]:
    [268.0, 270.0, 270.0]


Messages from 1 [(1, 0)]:
  To 0 [(0, 0)]:
    [42.0, 44.0, 44.0]
  To 2 [(2, 0)]:
    [274.0, 274.0, 272.0]
  To 6 [(1, 1)]:
    [299.0, 297.0, 299.0]


Messages from 2 [(2, 0)]:
  To 1 [(1, 0)]:
    [195.0, 193.0, 195.0]
  To 3 [(3, 0)]:
    [197.0, 197.0, 199.0]
  To 7 [(2, 1)]:
    [364.0, 362.0, 364.0]


Messages from 3 [(3, 0)]:
  To 2 [(2, 0)]:
    [208.0, 208.0, 206.0]
  To 4 [(4, 0)]:
    [81.0, 83.0, 83.0]
  To 8 [(3, 1)]:
    [199.0, 197.0, 199.0]


Messages from 4 [(4, 0)]:
  To 3 [(3, 0)]:
    [283.0, 281.0, 281.0]
  To 9 [(4, 1)]:
    [193.0, 195.0, 195.0]


Messages from 5 [(0, 1)]:
  To 0 [(0, 0)]:
    [74.0, 76.0, 76.0]
  To 6 [(1, 1)]:
    [331.0, 329.0, 331.0]
  To 10 [(0, 2)]:
    [253.0, 255.0, 255.0]


Messages from 6 [(1, 1)]:
  To 1 [(1, 0)]:
    [179.0, 177.0, 179.0]
  To 5 [(0, 1)]:
    [156.0, 158.0, 158.0]
  To 7 [(2, 1)]:
    [348.0, 346.0, 348.0]
  To 11 [(1, 2)]:
    [305.0, 307.0, 307.0]


Messages from 7 [(2, 1)]:
  To 2 [(2, 0)]:
    [195.0, 195.0, 193.0]
  To 6 [(1, 1)]:
    [220.0, 218.0, 220.0]
  To 8 [(3, 1)]:
    [184.0, 186.0, 186.0]
  To 12 [(2, 2)]:
    [285.0, 287.0, 287.0]


Messages from 8 [(3, 1)]:
  To 3 [(3, 0)]:
    [167.0, 169.0, 167.0]
  To 7 [(2, 1)]:
    [334.0, 332.0, 334.0]
  To 9 [(4, 1)]:
    [79.0, 81.0, 81.0]
  To 13 [(3, 2)]:
    [168.0, 166.0, 168.0]


Messages from 9 [(4, 1)]:
  To 4 [(4, 0)]:
    [140.0, 142.0, 142.0]
  To 8 [(3, 1)]:
    [258.0, 256.0, 258.0]
  To 14 [(4, 2)]:
    [90.0, 92.0, 92.0]


Messages from 10 [(0, 2)]:
  To 5 [(0, 1)]:
    [202.0, 204.0, 204.0]
  To 11 [(1, 2)]:
    [353.0, 355.0, 355.0]
  To 15 [(0, 3)]:
    [215.0, 215.0, 217.0]


Messages from 11 [(1, 2)]:
  To 6 [(1, 1)]:
    [247.0, 245.0, 247.0]
  To 10 [(0, 2)]:
    [169.0, 171.0, 171.0]
  To 12 [(2, 2)]:
    [312.0, 314.0, 314.0]
  To 16 [(1, 3)]:
    [206.0, 208.0, 208.0]


Messages from 12 [(2, 2)]:
  To 7 [(2, 1)]:
    [377.0, 375.0, 377.0]
  To 11 [(1, 2)]:
    [336.0, 338.0, 338.0]
  To 13 [(3, 2)]:
    [211.0, 209.0, 211.0]
  To 17 [(2, 3)]:
    [224.0, 222.0, 224.0]


Messages from 13 [(3, 2)]:
  To 8 [(3, 1)]:
    [256.0, 258.0, 258.0]
  To 12 [(2, 2)]:
    [357.0, 359.0, 359.0]
  To 14 [(4, 2)]:
    [90.0, 92.0, 92.0]
  To 18 [(3, 3)]:
    [105.0, 107.0, 107.0]


Messages from 14 [(4, 2)]:
  To 9 [(4, 1)]:
    [234.0, 236.0, 236.0]
  To 13 [(3, 2)]:
    [323.0, 321.0, 323.0]
  To 19 [(4, 3)]:
    [31.0, 33.0, 33.0]


Messages from 15 [(0, 3)]:
  To 10 [(0, 2)]:
    [168.0, 170.0, 170.0]
  To 16 [(1, 3)]:
    [205.0, 207.0, 207.0]
  To 20 [(0, 4)]:
    [107.0, 105.0, 107.0]


Messages from 16 [(1, 3)]:
  To 11 [(1, 2)]:
    [296.0, 298.0, 298.0]
  To 15 [(0, 3)]:
    [158.0, 158.0, 160.0]
  To 17 [(2, 3)]:
    [184.0, 182.0, 184.0]
  To 21 [(1, 4)]:
    [107.0, 105.0, 107.0]


Messages from 17 [(2, 3)]:
  To 12 [(2, 2)]:
    [360.0, 362.0, 362.0]
  To 16 [(1, 3)]:
    [254.0, 256.0, 256.0]
  To 18 [(3, 3)]:
    [108.0, 110.0, 110.0]
  To 22 [(2, 4)]:
    [118.0, 116.0, 118.0]


Messages from 18 [(3, 3)]:
  To 13 [(3, 2)]:
    [319.0, 317.0, 319.0]
  To 17 [(2, 3)]:
    [332.0, 330.0, 332.0]
  To 19 [(4, 3)]:
    [27.0, 29.0, 29.0]
  To 23 [(3, 4)]:
    [35.0, 37.0, 37.0]


Messages from 19 [(4, 3)]:
  To 14 [(4, 2)]:
    [159.0, 161.0, 161.0]
  To 18 [(3, 3)]:
    [174.0, 176.0, 176.0]
  To 24 [(4, 4)]:
    [23.0, 25.0, 25.0]


Messages from 20 [(0, 4)]:
  To 15 [(0, 3)]:
    [246.0, 248.0, 248.0]
  To 21 [(1, 4)]:
    [197.0, 195.0, 197.0]


Messages from 21 [(1, 4)]:
  To 16 [(1, 3)]:
    [227.0, 229.0, 229.0]
  To 20 [(0, 4)]:
    [127.0, 129.0, 129.0]
  To 22 [(2, 4)]:
    [91.0, 89.0, 91.0]


Messages from 22 [(2, 4)]:
  To 17 [(2, 3)]:
    [328.0, 326.0, 328.0]
  To 21 [(1, 4)]:
    [251.0, 249.0, 251.0]
  To 23 [(3, 4)]:
    [31.0, 33.0, 33.0]


Messages from 23 [(3, 4)]:
  To 18 [(3, 3)]:
    [163.0, 165.0, 165.0]
  To 22 [(2, 4)]:
    [173.0, 171.0, 173.0]
  To 24 [(4, 4)]:
    [12.0, 14.0, 14.0]


Messages from 24 [(4, 4)]:
  To 19 [(4, 3)]:
    [45.0, 47.0, 47.0]
  To 23 [(3, 4)]:
    [53.0, 55.0, 55.0]


---------------------------
Iteration #4
---------------------------



Messages from 0 [(0, 0)]:
  To 1 [(1, 0)]:
    [594.0, 592.0, 594.0]
  To 5 [(0, 1)]:
    [596.0, 598.0, 598.0]


Messages from 1 [(1, 0)]:
  To 0 [(0, 0)]:
    [284.0, 286.0, 286.0]
  To 2 [(2, 0)]:
    [586.0, 586.0, 584.0]
  To 6 [(1, 1)]:
    [825.0, 823.0, 825.0]


Messages from 2 [(2, 0)]:
  To 1 [(1, 0)]:
    [364.0, 362.0, 364.0]
  To 3 [(3, 0)]:
    [325.0, 325.0, 327.0]
  To 7 [(2, 1)]:
    [749.0, 747.0, 749.0]


Messages from 3 [(3, 0)]:
  To 2 [(2, 0)]:
    [582.0, 582.0, 580.0]
  To 4 [(4, 0)]:
    [205.0, 207.0, 207.0]
  To 8 [(3, 1)]:
    [641.0, 639.0, 641.0]


Messages from 4 [(4, 0)]:
  To 3 [(3, 0)]:
    [452.0, 450.0, 450.0]
  To 9 [(4, 1)]:
    [354.0, 356.0, 356.0]


Messages from 5 [(0, 1)]:
  To 0 [(0, 0)]:
    [307.0, 309.0, 309.0]
  To 6 [(1, 1)]:
    [844.0, 842.0, 844.0]
  To 10 [(0, 2)]:
    [568.0, 570.0, 570.0]


Messages from 6 [(1, 1)]:
  To 1 [(1, 0)]:
    [341.0, 339.0, 341.0]
  To 5 [(0, 1)]:
    [339.0, 341.0, 341.0]
  To 7 [(2, 1)]:
    [724.0, 724.0, 726.0]
  To 11 [(1, 2)]:
    [747.0, 749.0, 749.0]


Messages from 7 [(2, 1)]:
  To 2 [(2, 0)]:
    [417.0, 417.0, 415.0]
  To 6 [(1, 1)]:
    [656.0, 654.0, 656.0]
  To 8 [(3, 1)]:
    [474.0, 476.0, 476.0]
  To 12 [(2, 2)]:
    [771.0, 773.0, 773.0]


Messages from 8 [(3, 1)]:
  To 3 [(3, 0)]:
    [334.0, 336.0, 334.0]
  To 7 [(2, 1)]:
    [758.0, 756.0, 758.0]
  To 9 [(4, 1)]:
    [236.0, 238.0, 238.0]
  To 13 [(3, 2)]:
    [568.0, 566.0, 568.0]


Messages from 9 [(4, 1)]:
  To 4 [(4, 0)]:
    [295.0, 297.0, 297.0]
  To 8 [(3, 1)]:
    [729.0, 727.0, 729.0]
  To 14 [(4, 2)]:
    [357.0, 359.0, 359.0]


Messages from 10 [(0, 2)]:
  To 5 [(0, 1)]:
    [417.0, 419.0, 419.0]
  To 11 [(1, 2)]:
    [825.0, 827.0, 827.0]
  To 15 [(0, 3)]:
    [357.0, 357.0, 359.0]


Messages from 11 [(1, 2)]:
  To 6 [(1, 1)]:
    [695.0, 693.0, 695.0]
  To 10 [(0, 2)]:
    [417.0, 419.0, 419.0]
  To 12 [(2, 2)]:
    [812.0, 814.0, 814.0]
  To 16 [(1, 3)]:
    [501.0, 503.0, 503.0]


Messages from 12 [(2, 2)]:
  To 7 [(2, 1)]:
    [657.0, 655.0, 657.0]
  To 11 [(1, 2)]:
    [682.0, 684.0, 684.0]
  To 13 [(3, 2)]:
    [467.0, 465.0, 467.0]
  To 17 [(2, 3)]:
    [488.0, 486.0, 488.0]


Messages from 13 [(3, 2)]:
  To 8 [(3, 1)]:
    [640.0, 642.0, 642.0]
  To 12 [(2, 2)]:
    [937.0, 939.0, 939.0]
  To 14 [(4, 2)]:
    [268.0, 270.0, 270.0]
  To 18 [(3, 3)]:
    [398.0, 400.0, 400.0]


Messages from 14 [(4, 2)]:
  To 9 [(4, 1)]:
    [404.0, 406.0, 406.0]
  To 13 [(3, 2)]:
    [734.0, 732.0, 734.0]
  To 19 [(4, 3)]:
    [200.0, 202.0, 202.0]


Messages from 15 [(0, 3)]:
  To 10 [(0, 2)]:
    [555.0, 557.0, 557.0]
  To 16 [(1, 3)]:
    [639.0, 641.0, 641.0]
  To 20 [(0, 4)]:
    [227.0, 225.0, 227.0]


Messages from 16 [(1, 3)]:
  To 11 [(1, 2)]:
    [788.0, 790.0, 790.0]
  To 15 [(0, 3)]:
    [320.0, 320.0, 322.0]
  To 17 [(2, 3)]:
    [594.0, 592.0, 594.0]
  To 21 [(1, 4)]:
    [229.0, 227.0, 229.0]


Messages from 17 [(2, 3)]:
  To 12 [(2, 2)]:
    [924.0, 926.0, 926.0]
  To 16 [(1, 3)]:
    [613.0, 615.0, 615.0]
  To 18 [(3, 3)]:
    [385.0, 387.0, 387.0]
  To 22 [(2, 4)]:
    [296.0, 294.0, 296.0]


Messages from 18 [(3, 3)]:
  To 13 [(3, 2)]:
    [719.0, 717.0, 719.0]
  To 17 [(2, 3)]:
    [740.0, 738.0, 740.0]
  To 19 [(4, 3)]:
    [185.0, 187.0, 187.0]
  To 23 [(3, 4)]:
    [188.0, 190.0, 190.0]


Messages from 19 [(4, 3)]:
  To 14 [(4, 2)]:
    [560.0, 562.0, 562.0]
  To 18 [(3, 3)]:
    [690.0, 692.0, 692.0]
  To 24 [(4, 4)]:
    [55.0, 57.0, 57.0]


Messages from 20 [(0, 4)]:
  To 15 [(0, 3)]:
    [418.0, 420.0, 420.0]
  To 21 [(1, 4)]:
    [329.0, 327.0, 329.0]


Messages from 21 [(1, 4)]:
  To 16 [(1, 3)]:
    [690.0, 692.0, 692.0]
  To 20 [(0, 4)]:
    [276.0, 278.0, 278.0]
  To 22 [(2, 4)]:
    [373.0, 371.0, 373.0]


Messages from 22 [(2, 4)]:
  To 17 [(2, 3)]:
    [734.0, 732.0, 734.0]
  To 21 [(1, 4)]:
    [369.0, 367.0, 369.0]
  To 23 [(3, 4)]:
    [178.0, 180.0, 180.0]


Messages from 23 [(3, 4)]:
  To 18 [(3, 3)]:
    [682.0, 684.0, 684.0]
  To 22 [(2, 4)]:
    [589.0, 587.0, 589.0]
  To 24 [(4, 4)]:
    [47.0, 49.0, 49.0]


Messages from 24 [(4, 4)]:
  To 19 [(4, 3)]:
    [336.0, 338.0, 338.0]
  To 23 [(3, 4)]:
    [339.0, 341.0, 341.0]
